Epoch,Time(s),Loss,Precision
00001,2.6051,0.9226,0.0303
00002,2.4047,0.5645,0.0194
00003,2.3362,0.4473,0.0000
00004,2.3019,0.3560,0.0000
00005,2.2826,0.2811,0.0000
00006,2.2697,0.2155,0.0531
00007,2.2596,0.1818,0.0654
00008,2.2523,0.1767,0.1875
00009,2.2464,0.1574,0.1333
00010,2.2417,0.1654,0.0935
00011,2.2379,0.1689,0.1311
00012,2.2346,0.1721,0.1898
00013,2.2322,0.1815,0.1928
00014,2.2300,0.1792,0.1454
00015,2.2281,0.1736,0.1268
00016,2.2263,0.1716,0.0948
00017,2.2247,0.1672,0.0538
00018,2.2234,0.1604,0.0669
00019,2.2228,0.1560,0.0737
00020,2.2217,0.1544,0.0581
00021,2.2206,0.1497,0.1132
00022,2.2197,0.1451,0.1875
00023,2.2189,0.1433,0.2703
00024,2.2251,0.1419,0.2703
00025,2.2242,0.1400,0.2836
00026,2.2234,0.1387,0.3113
00027,2.2228,0.1388,0.4000
00028,2.2222,0.1395,0.4762
00029,2.2215,0.1395,0.5935
00030,2.2209,0.1391,0.7187
00031,2.2203,0.1387,0.7683
00032,2.2196,0.1386,0.8182
00033,2.2190,0.1383,0.8318
00034,2.2185,0.1375,0.8312
00035,2.2180,0.1364,0.8347
00036,2.2175,0.1353,0.8128
00037,2.2170,0.1344,0.8088
00038,2.2166,0.1337,0.8091
00039,2.2162,0.1330,0.8102
00040,2.2158,0.1323,0.8053
00041,2.2154,0.1316,0.8113
00042,2.2150,0.1312,0.8105
00043,2.2147,0.1308,0.8109
00044,2.2144,0.1305,0.7991
00045,2.2140,0.1302,0.7857
00046,2.2137,0.1299,0.7825
00047,2.2134,0.1295,0.7873
00048,2.2132,0.1290,0.7870
00049,2.2129,0.1286,0.7824
00050,2.2127,0.1280,0.7675
00051,2.2125,0.1275,0.7591
00052,2.2123,0.1271,0.7579
00053,2.2120,0.1266,0.7611
00054,2.2118,0.1262,0.7622
00055,2.2116,0.1258,0.7647
00056,2.2114,0.1254,0.7597
00057,2.2111,0.1251,0.7580
00058,2.2140,0.1247,0.7609
00059,2.2138,0.1244,0.7623
00060,2.2135,0.1241,0.7601
00061,2.2133,0.1238,0.7534
00062,2.2131,0.1234,0.7580
00063,2.2129,0.1231,0.7648
00064,2.2128,0.1228,0.7622
00065,2.2127,0.1225,0.7630
00066,2.2125,0.1222,0.7666
00067,2.2124,0.1219,0.7724
00068,2.2122,0.1217,0.7714
00069,2.2120,0.1214,0.7744
00070,2.2118,0.1211,0.7822
00071,2.2117,0.1208,0.7822
00072,2.2115,0.1205,0.7823
00073,2.2113,0.1203,0.7877
00074,2.2112,0.1200,0.7906
00075,2.2111,0.1198,0.7883
00076,2.2109,0.1195,0.7944
00077,2.2108,0.1193,0.7970
00078,2.2107,0.1191,0.7979
00079,2.2105,0.1188,0.8004
00080,2.2105,0.1186,0.8041
00081,2.2104,0.1184,0.8028
00082,2.2103,0.1181,0.8054
00083,2.2101,0.1179,0.8081
00084,2.2100,0.1177,0.8070
00085,2.2099,0.1175,0.8112
00086,2.2098,0.1173,0.8127
00087,2.2097,0.1171,0.8116
00088,2.2096,0.1169,0.8143
00089,2.2095,0.1167,0.8092
00090,2.2094,0.1165,0.8161
00091,2.2093,0.1162,0.8120
00092,2.2092,0.1160,0.8174
00093,2.2091,0.1158,0.8117
00094,2.2090,0.1156,0.8180
00095,2.2107,0.1154,0.8108
00096,2.2106,0.1152,0.8235
00097,2.2105,0.1150,0.8074
00098,2.2104,0.1148,0.8325
00099,2.2104,0.1146,0.7981
00100,2.2102,0.1145,0.8411
00101,2.2101,0.1143,0.8103
00102,2.2100,0.1139,0.8152
00103,2.2099,0.1137,0.8438
00104,2.2098,0.1136,0.8103
00105,2.2098,0.1133,0.8367
00106,2.2097,0.1130,0.8373
00107,2.2096,0.1128,0.8153
00108,2.2095,0.1126,0.8464
00109,2.2095,0.1124,0.8253
00110,2.2094,0.1121,0.8312
00111,2.2095,0.1118,0.8457
00112,2.2094,0.1116,0.8243
00113,2.2093,0.1114,0.8487
00114,2.2092,0.1111,0.8336
00115,2.2092,0.1108,0.8427
00116,2.2091,0.1105,0.8465
00117,2.2090,0.1103,0.8346
00118,2.2090,0.1100,0.8573
00119,2.2089,0.1098,0.8253
00120,2.2102,0.1096,0.8706
00121,2.2102,0.1095,0.8191
00122,2.2102,0.1092,0.8697
00123,2.2101,0.1089,0.8340
00124,2.2100,0.1084,0.8509
00125,2.2100,0.1081,0.8591
00126,2.2099,0.1078,0.8331
00127,2.2098,0.1077,0.8796
00128,2.2097,0.1078,0.8158
00129,2.2097,0.1075,0.8821
00130,2.2096,0.1073,0.8388
00131,2.2095,0.1066,0.8478
00132,2.2095,0.1063,0.8737
00133,2.2094,0.1063,0.8233
00134,2.2094,0.1062,0.8768
00135,2.2093,0.1059,0.8473
00136,2.2093,0.1054,0.8510
00137,2.2093,0.1052,0.8758
00138,2.2092,0.1051,0.8317
00139,2.2092,0.1050,0.8791
00140,2.2091,0.1048,0.8468
00141,2.2091,0.1044,0.8601
00142,2.2090,0.1041,0.8705
00143,2.2090,0.1040,0.8401
00144,2.2089,0.1040,0.8854
00145,2.2088,0.1039,0.8360
00146,2.2088,0.1037,0.8798
00147,2.2087,0.1035,0.8509
00148,2.2087,0.1032,0.8648
00149,2.2086,0.1030,0.8693
00150,2.2086,0.1028,0.8469
00151,2.2085,0.1028,0.8825
00152,2.2084,0.1027,0.8347
00153,2.2084,0.1026,0.8905
00154,2.2083,0.1026,0.8316
00155,2.2083,0.1025,0.8924
00156,2.2083,0.1024,0.8376
00157,2.2082,0.1020,0.8786
00158,2.2082,0.1018,0.8581
00159,2.2081,0.1015,0.8596
00160,2.2081,0.1014,0.8794
00161,2.2080,0.1013,0.8415
00162,2.2080,0.1013,0.8921
00163,2.2080,0.1013,0.8308
00164,2.2079,0.1012,0.8978
00165,2.2079,0.1013,0.8315
00166,2.2078,0.1010,0.8904
00167,2.2078,0.1007,0.8501
00168,2.2078,0.1004,0.8669
00169,2.2077,0.1002,0.8727
00170,2.2077,0.1001,0.8483
00171,2.2076,0.1001,0.8908
00172,2.2076,0.1001,0.8328
00173,2.2075,0.1001,0.9019
00174,2.2075,0.1003,0.8289
00175,2.2075,0.1000,0.8969
00176,2.2075,0.0999,0.8445
00177,2.2074,0.0994,0.8745
00178,2.2074,0.0992,0.8714
00179,2.2074,0.0990,0.8505
00180,2.2074,0.0990,0.8901
00181,2.2073,0.0991,0.8419
00182,2.2073,0.0990,0.8910
00183,2.2073,0.0989,0.8498
00184,2.2072,0.0986,0.8775
00185,2.2072,0.0984,0.8659
00186,2.2072,0.0983,0.8600
00187,2.2071,0.0982,0.8816
00188,2.2071,0.0982,0.8483
00189,2.2071,0.0981,0.8919
00190,2.2070,0.0982,0.8371
00191,2.2070,0.0981,0.9005
00192,2.2070,0.0982,0.8307
00193,2.2070,0.0981,0.9007
00194,2.2070,0.0980,0.8402
00195,2.2069,0.0977,0.8869
00196,2.2069,0.0975,0.8599
00197,2.2069,0.0973,0.8659
00198,2.2068,0.0971,0.8787
00199,2.2068,0.0971,0.8507
00200,2.2068,0.0971,0.8952
00201,2.2068,0.0972,0.8346
00202,2.2067,0.0973,0.9078
00203,2.2067,0.0977,0.8164
00204,2.2067,0.0976,0.9172
00205,2.2067,0.0983,0.8203
00206,2.2067,0.0973,0.8942
00207,2.2066,0.0968,0.8680
00208,2.2066,0.0963,0.8442
00209,2.2066,0.0965,0.9075
00210,2.2066,0.0970,0.8327
00211,2.2066,0.0966,0.8913
00212,2.2065,0.0962,0.8681
00213,2.2065,0.0959,0.8510
00214,2.2065,0.0960,0.9001
00215,2.2065,0.0962,0.8371
00216,2.2066,0.0961,0.8922
00217,2.2065,0.0959,0.8610
00218,2.2065,0.0956,0.8625
00219,2.2065,0.0955,0.8893
00220,2.2065,0.0956,0.8424
00221,2.2065,0.0956,0.8945
00222,2.2065,0.0955,0.8505
00223,2.2064,0.0953,0.8782
00224,2.2064,0.0951,0.8732
00225,2.2072,0.0950,0.8583
00226,2.2071,0.0950,0.8890
00227,2.2071,0.0950,0.8476
00228,2.2071,0.0950,0.8920
00229,2.2071,0.0949,0.8505
00230,2.2071,0.0947,0.8840
00231,2.2071,0.0946,0.8616
00232,2.2071,0.0945,0.8740
00233,2.2070,0.0944,0.8732
00234,2.2070,0.0943,0.8651
00235,2.2070,0.0942,0.8804
00236,2.2070,0.0942,0.8552
00237,2.2070,0.0941,0.8900
00238,2.2077,0.0942,0.8398
00239,2.2078,0.0943,0.9090
00240,2.2077,0.0948,0.8116
00241,2.2077,0.0951,0.9273
00242,2.2077,0.0967,0.8040
00243,2.2076,0.0951,0.9044
00244,2.2076,0.0944,0.8619
00245,2.2076,0.0935,0.8396
00246,2.2076,0.0938,0.9137
00247,2.2076,0.0948,0.8295
00248,2.2075,0.0939,0.8857
00249,2.2075,0.0933,0.8804
00250,2.2075,0.0932,0.8409
00251,2.2075,0.0934,0.9046
00252,2.2075,0.0939,0.8393
00253,2.2074,0.0933,0.8793
00254,2.2074,0.0929,0.8821
00255,2.2074,0.0928,0.8447
00256,2.2074,0.0930,0.8979
00257,2.2073,0.0932,0.8466
00258,2.2073,0.0928,0.8827
00259,2.2073,0.0925,0.8788
00260,2.2079,0.0924,0.8549
00261,2.2079,0.0924,0.8927
00262,2.2079,0.0926,0.8489
00263,2.2079,0.0924,0.8894
00264,2.2078,0.0923,0.8660
00265,2.2078,0.0920,0.8716
00266,2.2078,0.0919,0.8823
00267,2.2078,0.0919,0.8576
00268,2.2077,0.0919,0.8939
00269,2.2077,0.0919,0.8516
00270,2.2077,0.0919,0.8927
00271,2.2077,0.0918,0.8542
00272,2.2077,0.0917,0.8893
00273,2.2076,0.0915,0.8656
00274,2.2076,0.0914,0.8804
00275,2.2076,0.0913,0.8742
00276,2.2076,0.0912,0.8754
00277,2.2075,0.0911,0.8821
00278,2.2075,0.0911,0.8667
00279,2.2075,0.0910,0.8884
00280,2.2075,0.0910,0.8533
00281,2.2074,0.0910,0.9043
00282,2.2074,0.0913,0.8221
00283,2.2074,0.0918,0.9330
00284,2.2074,0.0941,0.7852
00285,2.2074,0.0933,0.9370
00286,2.2074,0.0950,0.8488
00287,2.2073,0.0908,0.8050
00288,2.2073,0.0923,0.9468
00289,2.2073,0.0971,0.8657
00290,2.2073,0.0904,0.7094
00291,2.2073,0.0979,0.9648
00292,2.2072,0.1119,0.9434
00293,2.2073,0.1003,0.5509
00294,2.2072,0.1125,0.9401
00295,2.2072,0.1003,0.9627
00296,2.2072,0.1106,0.8901
00297,2.2072,0.0953,0.5720
00298,2.2072,0.1106,0.8559
00299,2.2072,0.0957,0.9019
00300,2.2072,0.1070,0.8773
00301,2.2071,0.1048,0.7790
00302,2.2071,0.0999,0.7553
00303,2.2071,0.0969,0.8261
00304,2.2071,0.0937,0.8155
00305,2.2071,0.0986,0.8896
00306,2.2071,0.0991,0.9255
00307,2.2071,0.0958,0.8814
00308,2.2071,0.0924,0.7628
00309,2.2070,0.0964,0.8019
00310,2.2070,0.0949,0.8837
00311,2.2070,0.0933,0.9104
00312,2.2070,0.0943,0.9059
00313,2.2070,0.0935,0.8656
00314,2.2070,0.0928,0.8218
00315,2.2069,0.0935,0.8258
00316,2.2069,0.0925,0.8596
00317,2.2069,0.0918,0.8826
00318,2.2069,0.0922,0.8870
00319,2.2069,0.0924,0.8743
00320,2.2069,0.0918,0.8595
00321,2.2068,0.0911,0.8482
00322,2.2068,0.0910,0.8573
00323,2.2068,0.0909,0.8823
00324,2.2068,0.0909,0.8956
00325,2.2068,0.0908,0.8882
00326,2.2068,0.0903,0.8622
00327,2.2067,0.0901,0.8465
00328,2.2067,0.0904,0.8583
00329,2.2067,0.0901,0.8810
00330,2.2067,0.0897,0.8902
00331,2.2067,0.0896,0.8808
00332,2.2067,0.0896,0.8622
00333,2.2067,0.0895,0.8542
00334,2.2067,0.0893,0.8682
00335,2.2066,0.0890,0.8797
00336,2.2066,0.0890,0.8835
00337,2.2066,0.0890,0.8764
00338,2.2066,0.0887,0.8649
00339,2.2066,0.0886,0.8656
00340,2.2065,0.0885,0.8783
00341,2.2065,0.0884,0.8865
00342,2.2065,0.0883,0.8826
00343,2.2065,0.0881,0.8712
00344,2.2065,0.0881,0.8657
00345,2.2065,0.0880,0.8764
00346,2.2065,0.0878,0.8841
00347,2.2064,0.0877,0.8822
00348,2.2064,0.0876,0.8731
00349,2.2064,0.0875,0.8698
00350,2.2064,0.0874,0.8761
00351,2.2064,0.0873,0.8825
00352,2.2064,0.0872,0.8805
00353,2.2064,0.0871,0.8742
00354,2.2064,0.0870,0.8725
00355,2.2063,0.0869,0.8783
00356,2.2063,0.0868,0.8833
00357,2.2063,0.0867,0.8798
00358,2.2063,0.0866,0.8724
00359,2.2063,0.0865,0.8743
00360,2.2063,0.0864,0.8817
00361,2.2063,0.0863,0.8811
00362,2.2062,0.0862,0.8753
00363,2.2062,0.0861,0.8736
00364,2.2062,0.0860,0.8779
00365,2.2062,0.0859,0.8808
00366,2.2062,0.0858,0.8780
00367,2.2062,0.0857,0.8742
00368,2.2062,0.0856,0.8764
00369,2.2061,0.0855,0.8801
00370,2.2061,0.0854,0.8793
00371,2.2061,0.0853,0.8766
00372,2.2061,0.0852,0.8774
00373,2.2061,0.0851,0.8802
00374,2.2061,0.0850,0.8793
00375,2.2061,0.0850,0.8770
00376,2.2060,0.0849,0.8779
00377,2.2060,0.0848,0.8809
00378,2.2060,0.0847,0.8805
00379,2.2060,0.0846,0.8781
00380,2.2060,0.0845,0.8788
00381,2.2060,0.0844,0.8808
00382,2.2060,0.0843,0.8800
00383,2.2060,0.0842,0.8774
00384,2.2060,0.0841,0.8787
00385,2.2059,0.0840,0.8804
00386,2.2059,0.0840,0.8797
00387,2.2059,0.0839,0.8784
00388,2.2059,0.0838,0.8799
00389,2.2059,0.0837,0.8794
00390,2.2059,0.0836,0.8782
00391,2.2059,0.0835,0.8788
00392,2.2059,0.0834,0.8818
00393,2.2059,0.0833,0.8805
00394,2.2059,0.0832,0.8800
00395,2.2058,0.0831,0.8810
00396,2.2058,0.0830,0.8811
00397,2.2058,0.0829,0.8804
00398,2.2058,0.0829,0.8812
00399,2.2058,0.0828,0.8816
00400,2.2058,0.0827,0.8810
00401,2.2058,0.0826,0.8814
00402,2.2058,0.0825,0.8820
00403,2.2058,0.0824,0.8818
00404,2.2062,0.0823,0.8820
00405,2.2062,0.0822,0.8834
00406,2.2062,0.0821,0.8827
00407,2.2061,0.0820,0.8829
00408,2.2061,0.0819,0.8833
00409,2.2061,0.0818,0.8828
00410,2.2061,0.0817,0.8839
00411,2.2061,0.0816,0.8836
00412,2.2061,0.0815,0.8825
00413,2.2061,0.0814,0.8836
00414,2.2061,0.0813,0.8832
00415,2.2061,0.0812,0.8834
00416,2.2061,0.0811,0.8839
00417,2.2061,0.0810,0.8836
00418,2.2060,0.0810,0.8844
00419,2.2061,0.0809,0.8837
00420,2.2060,0.0808,0.8861
00421,2.2060,0.0807,0.8823
00422,2.2060,0.0806,0.8910
00423,2.2060,0.0805,0.8751
00424,2.2060,0.0804,0.9008
00425,2.2060,0.0804,0.8648
00426,2.2060,0.0804,0.9057
00427,2.2060,0.0804,0.8707
00428,2.2060,0.0801,0.8874
00429,2.2059,0.0799,0.8954
00430,2.2059,0.0799,0.8689
00431,2.2059,0.0799,0.9018
00432,2.2059,0.0798,0.8754
00433,2.2059,0.0796,0.8866
00434,2.2059,0.0795,0.8942
00435,2.2059,0.0794,0.8717
00436,2.2059,0.0794,0.9009
00437,2.2059,0.0794,0.8734
00438,2.2058,0.0792,0.8938
00439,2.2058,0.0791,0.8869
00440,2.2058,0.0790,0.8810
00441,2.2058,0.0789,0.8979
00442,2.2058,0.0789,0.8742
00443,2.2058,0.0788,0.9037
00444,2.2058,0.0788,0.8712
00445,2.2058,0.0787,0.9041
00446,2.2057,0.0786,0.8736
00447,2.2057,0.0785,0.9005
00448,2.2057,0.0784,0.8791
00449,2.2057,0.0783,0.8955
00450,2.2057,0.0782,0.8831
00451,2.2057,0.0781,0.8935
00452,2.2057,0.0780,0.8827
00453,2.2057,0.0779,0.8959
00454,2.2057,0.0778,0.8781
00455,2.2056,0.0778,0.9068
00456,2.2056,0.0778,0.8606
00457,2.2056,0.0780,0.9281
00458,2.2056,0.0790,0.8113
00459,2.2056,0.0801,0.9483
00460,2.2056,0.0830,0.8552
00461,2.2056,0.0781,0.8333
00462,2.2056,0.0791,0.9399
00463,2.2056,0.0816,0.8847
00464,2.2056,0.0780,0.7788
00465,2.2056,0.0827,0.9507
00466,2.2056,0.0841,0.8872
00467,2.2056,0.0813,0.7284
00468,2.2056,0.0860,0.9459
00469,2.2055,0.0822,0.9023
00470,2.2055,0.0829,0.8321
00471,2.2055,0.0789,0.8085
00472,2.2055,0.0817,0.9340
00473,2.2055,0.0802,0.8766
00474,2.2055,0.0814,0.8486
00475,2.2055,0.0782,0.8406
00476,2.2055,0.0800,0.9207
00477,2.2055,0.0786,0.8752
00478,2.2055,0.0795,0.8566
00479,2.2055,0.0776,0.8685
00480,2.2055,0.0786,0.9127
00481,2.2054,0.0778,0.8774
00482,2.2054,0.0780,0.8611
00483,2.2054,0.0773,0.8890
00484,2.2054,0.0775,0.9092
00485,2.2054,0.0774,0.8728
00486,2.2054,0.0769,0.8643
00487,2.2054,0.0771,0.9048
00488,2.2054,0.0769,0.8966
00489,2.2054,0.0770,0.8728
00490,2.2054,0.0765,0.8857
00491,2.2054,0.0769,0.8974
00492,2.2054,0.0763,0.8824
00493,2.2057,0.0767,0.8966
00494,2.2057,0.0762,0.8876
00495,2.2057,0.0765,0.8841
00496,2.2057,0.0761,0.8989
00497,2.2057,0.0762,0.8967
00498,2.2057,0.0759,0.8771
00499,2.2056,0.0761,0.8945
00500,2.2056,0.0758,0.8987
00501,2.2056,0.0759,0.8840
00502,2.2056,0.0757,0.8913
00503,2.2056,0.0757,0.8948
00504,2.2056,0.0756,0.8907
00505,2.2056,0.0756,0.8956
00506,2.2056,0.0754,0.8903
00507,2.2056,0.0754,0.8894
00508,2.2056,0.0753,0.9000
00509,2.2056,0.0753,0.8888
00510,2.2056,0.0752,0.8914
00511,2.2055,0.0751,0.8979
00512,2.2055,0.0751,0.8915
00513,2.2055,0.0750,0.8931
00514,2.2055,0.0750,0.8957
00515,2.2055,0.0748,0.8921
00516,2.2055,0.0748,0.8987
00517,2.2055,0.0747,0.8890
00518,2.2055,0.0747,0.8978
00519,2.2055,0.0746,0.8954
00520,2.2055,0.0746,0.8914
00521,2.2055,0.0745,0.8982
00522,2.2055,0.0744,0.8923
00523,2.2055,0.0744,0.9003
00524,2.2055,0.0743,0.8896
00525,2.2054,0.0743,0.9012
00526,2.2054,0.0742,0.8919
00527,2.2054,0.0742,0.8985
00528,2.2054,0.0741,0.8918
00529,2.2054,0.0740,0.9033
00530,2.2054,0.0740,0.8885
00531,2.2054,0.0740,0.9048
00532,2.2054,0.0739,0.8844
00533,2.2054,0.0739,0.9142
00534,2.2054,0.0741,0.8640
00535,2.2054,0.0743,0.9319
00536,2.2054,0.0752,0.8313
00537,2.2054,0.0756,0.9414
00538,2.2054,0.0772,0.8588
00539,2.2054,0.0745,0.8855
00540,2.2054,0.0739,0.9267
00541,2.2054,0.0748,0.8621
00542,2.2054,0.0744,0.9092
00543,2.2054,0.0737,0.9030
00544,2.2054,0.0736,0.8641
00545,2.2053,0.0740,0.9301
00546,2.2053,0.0743,0.8674
00547,2.2053,0.0737,0.9014
00548,2.2053,0.0733,0.9059
00549,2.2053,0.0732,0.8764
00550,2.2053,0.0734,0.9202
00551,2.2053,0.0739,0.8471
00552,2.2053,0.0743,0.9414
00553,2.2053,0.0762,0.8296
00554,2.2053,0.0748,0.9321
00555,2.2053,0.0743,0.8959
00556,2.2052,0.0730,0.8537
00557,2.2052,0.0739,0.9399
00558,2.2052,0.0752,0.8792
00559,2.2052,0.0732,0.8710
00560,2.2052,0.0732,0.9333
00561,2.2052,0.0745,0.8661
00562,2.2052,0.0733,0.8979
00563,2.2052,0.0726,0.9166
00564,2.2052,0.0730,0.8620
00565,2.2052,0.0732,0.9274
00566,2.2052,0.0734,0.8758
00567,2.2052,0.0727,0.9018
00568,2.2052,0.0723,0.9100
00569,2.2052,0.0723,0.8739
00570,2.2052,0.0726,0.9261
00571,2.2052,0.0731,0.8612
00572,2.2052,0.0730,0.9295
00573,2.2051,0.0733,0.8682
00574,2.2051,0.0726,0.9142
00575,2.2051,0.0723,0.8983
00576,2.2051,0.0720,0.8893
00577,2.2051,0.0721,0.9219
00578,2.2051,0.0724,0.8607
00579,2.2051,0.0726,0.9348
00580,2.2051,0.0736,0.8504
00581,2.2051,0.0730,0.9271
00582,2.2051,0.0733,0.8790
00583,2.2051,0.0720,0.8935
00584,2.2051,0.0720,0.9231
00585,2.2051,0.0724,0.8468
00586,2.2051,0.0731,0.9368
00587,2.2050,0.0745,0.8668
00588,2.2051,0.0725,0.8766
00589,2.2050,0.0734,0.9243
00590,2.2050,0.0727,0.8098
00591,2.2050,0.0758,0.9395
00592,2.2050,0.0793,0.8069
00593,2.2050,0.0797,0.9301
00594,2.2050,0.0738,0.6819
00595,2.2050,0.0860,0.9441
00596,2.2050,0.0848,0.7728
00597,2.2050,0.0973,0.9292
00598,2.2050,0.0946,0.9103
00599,2.2050,0.0853,0.7993
00600,2.2050,0.0802,0.8149
00601,2.2049,0.0808,0.7884
00602,2.2049,0.0849,0.8688
00603,2.2049,0.0788,0.8634
00604,2.2049,0.0777,0.8392
00605,2.2049,0.0811,0.9001
00606,2.2049,0.0817,0.9355
00607,2.2049,0.0809,0.9054
00608,2.2049,0.0780,0.8339
00609,2.2049,0.0794,0.8847
00610,2.2049,0.0781,0.9052
00611,2.2049,0.0792,0.8923
00612,2.2049,0.0774,0.8430
00613,2.2049,0.0763,0.8439
00614,2.2049,0.0765,0.9126
00615,2.2049,0.0764,0.9072
00616,2.2049,0.0763,0.8577
00617,2.2049,0.0750,0.8553
00618,2.2049,0.0746,0.8845
00619,2.2048,0.0751,0.8890
00620,2.2048,0.0744,0.8561
00621,2.2048,0.0742,0.8828
00622,2.2048,0.0736,0.9093
00623,2.2048,0.0740,0.8938
00624,2.2048,0.0733,0.8561
00625,2.2048,0.0735,0.8862
00626,2.2048,0.0732,0.9001
00627,2.2048,0.0732,0.8691
00628,2.2048,0.0729,0.8907
00629,2.2048,0.0726,0.9133
00630,2.2048,0.0727,0.8883
00631,2.2048,0.0723,0.8835
00632,2.2048,0.0723,0.9103
00633,2.2048,0.0724,0.8971
00634,2.2048,0.0720,0.8835
00635,2.2047,0.0722,0.9157
00636,2.2047,0.0721,0.8977
00637,2.2047,0.0717,0.8803
00638,2.2047,0.0719,0.9128
00639,2.2047,0.0719,0.8948
00640,2.2047,0.0715,0.8834
00641,2.2047,0.0716,0.9181
00642,2.2047,0.0717,0.8959
00643,2.2047,0.0713,0.8894
00644,2.2047,0.0713,0.9188
00645,2.2047,0.0715,0.8956
00646,2.2047,0.0711,0.8931
00647,2.2047,0.0711,0.9165
00648,2.2046,0.0712,0.8899
00649,2.2046,0.0710,0.9024
00650,2.2046,0.0708,0.9108
00651,2.2046,0.0709,0.8902
00652,2.2046,0.0709,0.9114
00653,2.2046,0.0708,0.9026
00654,2.2046,0.0706,0.8985
00655,2.2046,0.0706,0.9140
00656,2.2046,0.0706,0.8937
00657,2.2046,0.0706,0.9098
00658,2.2046,0.0705,0.9002
00659,2.2046,0.0704,0.9027
00660,2.2046,0.0703,0.9080
00661,2.2045,0.0703,0.8988
00662,2.2045,0.0703,0.9130
00663,2.2045,0.0703,0.8961
00664,2.2045,0.0702,0.9140
00665,2.2045,0.0702,0.8977
00666,2.2045,0.0701,0.9114
00667,2.2045,0.0700,0.9013
00668,2.2045,0.0699,0.9065
00669,2.2045,0.0699,0.9048
00670,2.2045,0.0698,0.9028
00671,2.2045,0.0698,0.9085
00672,2.2045,0.0697,0.9013
00673,2.2045,0.0697,0.9136
00674,2.2045,0.0697,0.8934
00675,2.2045,0.0698,0.9223
00676,2.2045,0.0700,0.8672
00677,2.2045,0.0705,0.9345
00678,2.2044,0.0722,0.8379
00679,2.2044,0.0719,0.9314
00680,2.2044,0.0729,0.8946
00681,2.2044,0.0700,0.8536
00682,2.2044,0.0710,0.9471
00683,2.2044,0.0738,0.8914
00684,2.2044,0.0697,0.8228
00685,2.2044,0.0723,0.9561
00686,2.2044,0.0782,0.9116
00687,2.2044,0.0701,0.6764
00688,2.2044,0.0839,0.9475
00689,2.2044,0.0947,0.9434
00690,2.2044,0.0955,0.8701
00691,2.2044,0.0747,0.5261
00692,2.2044,0.1056,0.9434
00693,2.2044,0.0867,0.8830
00694,2.2044,0.1055,0.9676
00695,2.2044,0.1004,0.9059
00696,2.2044,0.0842,0.8277
00697,2.2044,0.0806,0.7386
00698,2.2044,0.0907,0.7746
00699,2.2043,0.0869,0.8104
00700,2.2043,0.0817,0.9420
00701,2.2043,0.0813,0.9542
00702,2.2043,0.0844,0.8674
00703,2.2043,0.0867,0.9547
00704,2.2043,0.0833,0.9132
00705,2.2043,0.0792,0.7888
00706,2.2043,0.0817,0.8330
00707,2.2043,0.0813,0.8445
00708,2.2043,0.0814,0.8554
00709,2.2043,0.0778,0.8539
00710,2.2043,0.0777,0.9264
00711,2.2043,0.0782,0.9282
00712,2.2043,0.0783,0.8580
00713,2.2043,0.0780,0.8845
00714,2.2043,0.0752,0.8566
00715,2.2043,0.0758,0.8229
00716,2.2043,0.0758,0.8285
00717,2.2043,0.0756,0.8871
00718,2.2043,0.0743,0.9150
00719,2.2043,0.0748,0.8962
00720,2.2042,0.0746,0.8930
00721,2.2042,0.0737,0.8837
00722,2.2042,0.0737,0.8572
00723,2.2042,0.0735,0.8480
00724,2.2042,0.0735,0.8877
00725,2.2042,0.0728,0.9101
00726,2.2042,0.0729,0.8985
00727,2.2042,0.0727,0.8903
00728,2.2042,0.0724,0.8840
00729,2.2044,0.0723,0.8731
00730,2.2044,0.0721,0.8704
00731,2.2044,0.0721,0.8969
00732,2.2044,0.0718,0.9056
00733,2.2044,0.0717,0.8897
00734,2.2044,0.0716,0.8847
00735,2.2044,0.0713,0.8861
00736,2.2044,0.0713,0.8853
00737,2.2044,0.0712,0.8910
00738,2.2044,0.0710,0.9023
00739,2.2044,0.0709,0.8919
00740,2.2044,0.0709,0.8833
00741,2.2044,0.0708,0.8916
00742,2.2044,0.0706,0.8957
00743,2.2044,0.0706,0.8952
00744,2.2044,0.0705,0.8969
00745,2.2044,0.0704,0.8971
00746,2.2044,0.0703,0.8931
00747,2.2044,0.0702,0.8957
00748,2.2044,0.0702,0.8997
00749,2.2043,0.0701,0.8953
00750,2.2043,0.0700,0.8953
00751,2.2043,0.0700,0.9021
00752,2.2043,0.0699,0.8983
00753,2.2043,0.0698,0.8957
00754,2.2043,0.0697,0.8985
00755,2.2043,0.0697,0.8984
00756,2.2043,0.0696,0.8993
00757,2.2043,0.0696,0.9026
00758,2.2043,0.0695,0.9000
00759,2.2043,0.0694,0.8992
00760,2.2043,0.0694,0.9036
00761,2.2043,0.0694,0.9009
00762,2.2043,0.0693,0.8979
00763,2.2043,0.0693,0.9023
00764,2.2043,0.0692,0.9033
00765,2.2043,0.0691,0.9013
00766,2.2043,0.0691,0.9016
00767,2.2043,0.0691,0.9010
00768,2.2043,0.0690,0.9026
00769,2.2043,0.0690,0.9044
00770,2.2042,0.0689,0.9022
00771,2.2042,0.0689,0.9021
00772,2.2042,0.0688,0.9038
00773,2.2042,0.0688,0.9023
00774,2.2042,0.0687,0.9027
00775,2.2042,0.0687,0.9021
00776,2.2042,0.0687,0.9017
00777,2.2042,0.0686,0.9035
00778,2.2042,0.0686,0.9036
00779,2.2042,0.0685,0.9025
00780,2.2042,0.0685,0.9031
00781,2.2042,0.0685,0.9031
00782,2.2042,0.0684,0.9039
00783,2.2044,0.0684,0.9033
00784,2.2044,0.0683,0.9027
00785,2.2044,0.0683,0.9034
00786,2.2044,0.0683,0.9038
00787,2.2044,0.0682,0.9036
00788,2.2044,0.0682,0.9046
00789,2.2044,0.0681,0.9037
00790,2.2044,0.0681,0.9043
00791,2.2043,0.0681,0.9044
00792,2.2043,0.0680,0.9041
00793,2.2043,0.0680,0.9053
00794,2.2043,0.0680,0.9058
00795,2.2043,0.0679,0.9057
00796,2.2043,0.0679,0.9059
00797,2.2043,0.0679,0.9062
00798,2.2043,0.0678,0.9060
00799,2.2043,0.0678,0.9057
00800,2.2043,0.0678,0.9066
00801,2.2043,0.0677,0.9069
00802,2.2043,0.0677,0.9068
00803,2.2043,0.0677,0.9059
00804,2.2043,0.0676,0.9070
00805,2.2043,0.0676,0.9066
00806,2.2043,0.0675,0.9060
00807,2.2043,0.0675,0.9069
00808,2.2045,0.0675,0.9056
00809,2.2045,0.0674,0.9081
00810,2.2045,0.0674,0.9028
00811,2.2045,0.0674,0.9122
00812,2.2045,0.0674,0.8964
00813,2.2045,0.0674,0.9149
00814,2.2045,0.0675,0.8993
00815,2.2045,0.0674,0.9020
00816,2.2044,0.0673,0.9165
00817,2.2044,0.0674,0.8887
00818,2.2044,0.0675,0.9208
00819,2.2044,0.0676,0.8934
00820,2.2044,0.0674,0.9092
00821,2.2044,0.0674,0.9048
00822,2.2044,0.0673,0.8982
00823,2.2044,0.0673,0.9086
00824,2.2044,0.0672,0.9052
00825,2.2044,0.0671,0.9001
00826,2.2044,0.0670,0.9172
00827,2.2044,0.0670,0.8947
00828,2.2044,0.0670,0.9166
00829,2.2044,0.0669,0.9002
00830,2.2044,0.0668,0.9097
00831,2.2044,0.0668,0.9071
00832,2.2044,0.0669,0.9017
00833,2.2044,0.0670,0.9057
00834,2.2044,0.0672,0.8993
00835,2.2044,0.0676,0.8939
00836,2.2044,0.0678,0.9003
00837,2.2044,0.0689,0.8881
00838,2.2044,0.0678,0.9058
00839,2.2043,0.0673,0.9049
00840,2.2043,0.0666,0.9024
00841,2.2043,0.0664,0.9109
00842,2.2043,0.0668,0.8978
00843,2.2043,0.0671,0.8996
00844,2.2043,0.0678,0.9036
00845,2.2043,0.0674,0.8893
00846,2.2043,0.0671,0.9174
00847,2.2043,0.0668,0.8938
00848,2.2043,0.0664,0.9147
00849,2.2043,0.0663,0.9075
00850,2.2043,0.0664,0.8984
00851,2.2043,0.0668,0.9113
00852,2.2043,0.0671,0.8920
00853,2.2043,0.0671,0.9094
00854,2.2043,0.0668,0.9043
00855,2.2043,0.0666,0.9013
00856,2.2043,0.0662,0.9174
00857,2.2043,0.0661,0.8979
00858,2.2043,0.0661,0.9145
00859,2.2043,0.0661,0.8996
00860,2.2042,0.0662,0.9099
00861,2.2042,0.0664,0.8987
00862,2.2042,0.0667,0.9034
00863,2.2042,0.0670,0.8924
00864,2.2042,0.0675,0.9044
00865,2.2042,0.0674,0.8864
00866,2.2042,0.0671,0.9137
00867,2.2042,0.0667,0.8964
00868,2.2042,0.0660,0.9099
00869,2.2042,0.0657,0.9088
00870,2.2042,0.0657,0.9014
00871,2.2044,0.0661,0.9117
00872,2.2044,0.0666,0.8856
00873,2.2044,0.0669,0.9135
00874,2.2044,0.0674,0.8857
00875,2.2044,0.0671,0.9046
00876,2.2044,0.0667,0.9103
00877,2.2044,0.0660,0.8944
00878,2.2044,0.0658,0.9239
00879,2.2044,0.0661,0.8819
00880,2.2044,0.0660,0.9171
00881,2.2044,0.0662,0.9064
00882,2.2044,0.0660,0.8900
00883,2.2044,0.0660,0.9280
00884,2.2044,0.0661,0.8873
00885,2.2044,0.0658,0.9248
00886,2.2044,0.0660,0.8905
00887,2.2044,0.0655,0.9126
00888,2.2044,0.0659,0.9027
00889,2.2044,0.0660,0.8928
00890,2.2044,0.0661,0.9124
00891,2.2044,0.0667,0.9016
00892,2.2043,0.0659,0.8891
00893,2.2044,0.0657,0.9284
00894,2.2043,0.0660,0.8794
00895,2.2043,0.0657,0.9292
00896,2.2043,0.0663,0.8865
00897,2.2043,0.0652,0.9156
00898,2.2043,0.0654,0.9145
00899,2.2043,0.0654,0.8720
00900,2.2043,0.0659,0.9355
00901,2.2043,0.0677,0.8676
00902,2.2043,0.0665,0.9057
00903,2.2043,0.0681,0.9184
00904,2.2043,0.0657,0.8068
00905,2.2043,0.0705,0.9613
00906,2.2043,0.0778,0.8138
00907,2.2043,0.0770,0.9118
00908,2.2043,0.0667,0.6892
00909,2.2043,0.0811,0.9317
00910,2.2043,0.0755,0.8245
00911,2.2043,0.0847,0.8964
00912,2.2043,0.0826,0.9136
00913,2.2043,0.0771,0.9023
00914,2.2043,0.0707,0.7736
00915,2.2043,0.0755,0.8388
00916,2.2043,0.0728,0.9045
00917,2.2043,0.0720,0.9263
00918,2.2043,0.0721,0.8638
00919,2.2043,0.0734,0.8940
00920,2.2043,0.0715,0.9330
00921,2.2043,0.0711,0.9070
00922,2.2043,0.0708,0.8606
00923,2.2042,0.0702,0.8415
00924,2.2042,0.0703,0.8884
00925,2.2042,0.0693,0.9210
00926,2.2042,0.0696,0.8851
00927,2.2042,0.0688,0.8585
00928,2.2042,0.0688,0.9163
00929,2.2042,0.0678,0.8998
00930,2.2042,0.0680,0.8578
00931,2.2042,0.0679,0.8852
00932,2.2042,0.0669,0.9111
00933,2.2042,0.0673,0.9060
00934,2.2044,0.0669,0.8710
00935,2.2044,0.0669,0.9019
00936,2.2044,0.0667,0.9088
00937,2.2044,0.0666,0.8745
00938,2.2044,0.0664,0.9124
00939,2.2044,0.0661,0.9194
00940,2.2044,0.0661,0.8839
00941,2.2044,0.0660,0.9089
00942,2.2044,0.0658,0.9122
00943,2.2044,0.0656,0.8929
00944,2.2044,0.0656,0.9117
00945,2.2044,0.0654,0.9103
00946,2.2044,0.0653,0.8936
00947,2.2043,0.0654,0.9083
00948,2.2043,0.0652,0.9125
00949,2.2045,0.0651,0.8991
00950,2.2045,0.0651,0.9123
00951,2.2045,0.0650,0.9082
00952,2.2045,0.0649,0.9008
00953,2.2045,0.0648,0.9198
00954,2.2045,0.0648,0.9039
00955,2.2045,0.0646,0.9079
00956,2.2045,0.0646,0.9150
00957,2.2045,0.0645,0.9013
00958,2.2045,0.0645,0.9166
00959,2.2045,0.0644,0.9075
00960,2.2045,0.0643,0.9077
00961,2.2045,0.0643,0.9163
00962,2.2044,0.0643,0.9062
00963,2.2044,0.0642,0.9124
00964,2.2044,0.0641,0.9126
00965,2.2044,0.0641,0.9049
00966,2.2044,0.0641,0.9200
00967,2.2044,0.0641,0.9007
00968,2.2044,0.0640,0.9184
00969,2.2044,0.0641,0.9036
00970,2.2044,0.0641,0.9124
00971,2.2044,0.0645,0.9020
00972,2.2044,0.0647,0.9003
00973,2.2044,0.0655,0.8974
00974,2.2044,0.0655,0.8914
00975,2.2044,0.0658,0.9086
00976,2.2044,0.0650,0.8972
00977,2.2044,0.0643,0.9147
00978,2.2044,0.0637,0.9103
00979,2.2044,0.0635,0.9045
00980,2.2044,0.0637,0.9144
00981,2.2044,0.0642,0.8941
00982,2.2044,0.0647,0.9081
00983,2.2044,0.0650,0.8930
00984,2.2044,0.0654,0.9045
00985,2.2044,0.0647,0.9040
00986,2.2044,0.0642,0.9069
00987,2.2044,0.0635,0.9168
00988,2.2044,0.0632,0.9058
00989,2.2043,0.0633,0.9141
00990,2.2043,0.0636,0.9001
00991,2.2043,0.0641,0.9067
00992,2.2043,0.0645,0.8909
00993,2.2043,0.0649,0.9113
00994,2.2043,0.0648,0.8906
00995,2.2043,0.0643,0.9160
00996,2.2043,0.0637,0.9096
00997,2.2043,0.0631,0.9088
00998,2.2043,0.0629,0.9226
00999,2.2043,0.0632,0.8960
01000,2.2043,0.0635,0.9167
